[geometry]
dx=1.042745e-05
imgResolution=512
vesselRadius=3.500000e-03
vesselDiameter=1.000000e-03
aneurysmNeck=1.000000e-03
aneurysmR=1.500000e-03
